tree
version=v4
num_class=1
num_tree_per_iteration=1
label_index=0
max_feature_idx=25
objective=lambdarank
feature_names=speed_idx_weighted speed_idx_best speed_idx_last shrunk_win_rate shrunk_show_rate effective_starts same_distance_count same_surface_count same_venue_count same_going_count same_going_show_rate going_versatility best_time_at_target best_time_runs weight_kg_delta recent_form_score popularity_outperformance last3f_idx_recent days_since_last_run body_weight body_weight_diff big_weight_change jockey_change style_score pace_fit weight_kg
feature_infos=[0:102.47] [0:112.56999999999999] [-53.605000000000018:104.34999999999999] [0.027644444444444444:0.36603451531585923] [0.082933333333333331:0.63848888888888888] [0:5] [0:5] [0:5] [0:5] none none [0:1] [0:221.79999999999998] [0:5] [-7:5] [0:3] [-16:14] [0:53.197094333663529] none [0:595] [-34:59] [0:1] [0:1] [-1:1] [-1:1] [49:63]
tree_sizes=3429 3419

Tree=0
num_leaves=31
num_cat=0
split_feature=15 15 16 17 16 4 7 16 4 4 4 22 16 19 3 19 4 16 17 2 19 19 19 2 8 14 14 1 19 24
split_gain=252.874 37.915 35.1094 32.9911 16.5066 12.304 12.1722 16.6095 12.2508 9.45464 8.35458 8.29937 7.14055 7.05631 6.98115 6.74632 6.57838 6.41178 6.32797 6.3042 5.74332 5.62946 5.4802 5.01799 5.29009 4.83492 4.62489 5.14706 4.49881 4.27185
threshold=0.41666666666666669 1.1666666666666667 -4.0999999999999988 33.092422461889917 -1.4499999999999997 0.2470742164598381 2.5000000000000004 -1.7083333333333333 0.30658563086523688 0.25036396890728924 0.25467411021576458 1.0000000180025095e-35 1.7083333333333337 471.50000000000006 0.079031469397367313 441.50000000000006 0.24942173082097904 -5.8999999999999995 36.427638782224591 66.560250000000011 510.50000000000006 503.50000000000006 424.50000000000006 61.668000000000006 1.0000000180025095e-35 -1.2250000000000012 -1.2250000000000012 66.105750000000029 449.50000000000006 0.48596681096681099
decision_type=2 2 2 2 2 2 2 2 2 2 2 2 2 2 2 2 2 2 2 2 2 2 2 2 2 2 2 2 2 2
left_child=2 6 5 15 9 13 19 10 -9 -5 17 12 18 -1 -13 -4 -6 -8 -3 -2 26 25 -7 -19 -25 -11 27 -12 -16 -27
right_child=1 11 3 4 16 22 7 8 -10 21 20 14 -14 -15 28 -17 -18 23 -20 -21 -22 -23 -24 24 -26 29 -28 -29 -30 -31
leaf_value=-0.036211931958266989 -0.055708718673884008 0.067139840785315874 -0.040972631583754658 -0.048612395355233144 -0.081082328239612977 -0.075573936852678214 0.038101521411987707 -0.038323872444995848 0.015386879704132526 -0.091423815110286605 0.066777627465578943 0.0622693431743222 -0.051072091202929486 -0.0079394496942603639 -0.010432213138013345 0.012452770170402023 -0.048806588232093426 -0.09014265372470423 0.041709158833618996 0.049749433477892201 0.050464278936983659 0.011566721019013461 0.011592194998133458 -0.059177342420623835 0.0026662694985704581 -0.021875257712157967 0.021815615941672598 -0.064857210303529242 0.030603980755685378 -0.08401130381603325
leaf_weight=40.34991078870371 1.5000410294160271 55.375241389498115 7.2592193407472214 88.237363422755152 39.789445033064112 1.8627514471299935 6.475591532187539 28.131736903684214 17.051413742010482 2.9829086586832991 0.97866059187799592 16.624017874943092 1.5847700997255731 48.712795369559899 7.4744783069472751 31.7675624510739 26.171178456628695 2.1956308614462641 43.818436699453741 25.639201050391421 17.763596413191408 9.9040205744095129 56.392571574309841 4.4032497394364354 16.106368683977053 44.041766920359805 69.331109346589074 3.0787427937611938 62.747061275877059 2.9514781497418872
leaf_count=740 32 452 144 1612 792 34 91 459 190 61 9 144 32 810 109 444 457 38 401 247 161 131 716 76 220 695 816 53 682 63
internal_value=-0.000736805 0.0284635 -0.0284682 -0.0397635 -0.047471 -0.00906177 0.0128831 0.00779401 -0.0180543 -0.0382059 0.0174996 0.0444617 0.0542237 -0.0207483 0.0331335 0.00251532 -0.0682763 -0.00578526 0.0559059 0.0439205 0.0249539 -0.0228712 0.008805 -0.0183019 -0.0106111 -0.029696 0.0187792 -0.0331064 0.026236 -0.0257778
internal_weight=780.702 380.279 400.423 253.105 214.078 147.318 192.655 165.516 45.1832 148.118 120.333 187.624 100.778 89.0627 86.8456 39.0268 65.9606 29.1808 99.1937 27.1392 91.1521 59.8802 58.2553 22.7052 20.5096 49.9762 73.3885 4.0574 70.2215 46.9932
internal_count=10911 4212 6699 4399 3811 2300 2392 2113 649 2562 1464 1820 885 1550 935 588 1249 425 853 279 1039 950 750 334 296 819 878 62 791 758
is_linear=0
shrinkage=0.05


Tree=1
num_leaves=31
num_cat=0
split_feature=15 15 8 16 4 0 25 4 4 19 4 16 24 1 3 25 4 16 16 3 8 1 5 19 4 20 3 2 5 0
split_gain=390.767 79.9643 61.7617 51.549 43.2226 42.5711 32.581 30.2485 26.6002 25.5331 24.8817 26.4908 24.857 23.2776 23.5919 20.6946 21.3815 25.8565 22.6656 21.1916 20.4699 19.6445 19.3508 18.9651 18.649 19.2163 15.9705 33.8856 23.6577 16.0425
threshold=0.41666666666666669 1.8333333333333337 2.5000000000000004 -1.7083333333333333 0.2470742164598381 59.568500000000007 56.750000000000007 0.34331448963543554 0.20085004484106853 488.50000000000006 0.28356631053925202 -5.8999999999999995 0.26251873126873132 59.821000000000012 0.051008812659994775 53.500000000000007 0.30269386627496081 -1.0000000180025095e-35 -2.7749999999999995 0.073929698373106104 1.0000000180025095e-35 65.501000000000019 3.7369831132448903 416.50000000000006 0.29701873121839428 -6.4999999999999991 0.089460136251565764 67.075388000000018 3.4247685878116836 77.056787499999999
decision_type=2 2 2 2 2 2 2 2 2 2 2 2 2 2 2 2 2 2 2 2 2 2 2 2 2 2 2 2 2 2
left_child=2 5 4 6 13 -2 -4 9 -7 -3 11 -8 -9 -1 -15 19 18 21 23 -10 -14 -18 -11 -17 -25 -26 -20 -28 29 -29
right_child=1 7 3 -5 -6 8 10 12 15 22 -12 -13 20 14 -16 16 17 -19 26 -21 -22 -23 -24 24 25 -27 27 28 -30 -31
leaf_value=-0.00013229569994033716 -0.041510804494334669 0.003760734550156318 -0.038637515798664458 -0.068563832090852261 0.001756991490534405 -0.063446717523294768 0.035879773781506009 0.050453389912373019 0.039713622327445353 0.051131636583232276 0.041486379854887831 -0.028792316922075119 0.047531900234715825 0.02010194946117479 -0.036583952000143576 -0.091106579789641859 -0.025395909900920277 -0.010647205778443686 0.0050055810434474525 -0.037553775099149818 -0.089107366634266494 0.02659726139381335 -0.0031354766958295987 0.018780104114705917 0.056399070392403688 -0.052641124365146202 0.025627633811618769 -0.046733071306647112 -0.070937113364131485 0.012149314031466569
leaf_weight=73.024222320877016 41.010643724352121 112.02317129261792 260.11906264163554 100.12230193428695 278.9931922191754 12.114586090669034 19.13625169172883 208.22970781102777 11.4467466622591 73.619770679622889 21.199134435504675 91.769495535641909 5.0569813102483732 19.911165032535791 234.83759551262483 4.1900682747364035 18.98436488956213 59.91516792960465 183.38417164143175 39.479560337029397 5.9849151521921158 422.04702305421233 21.14565871655941 344.48843942582607 5.2344389259815243 17.714479543268681 30.231612075120211 21.069642852991819 30.6469861343503 25.64965240098536
leaf_count=335 151 275 1642 918 1236 56 58 321 30 119 69 507 7 123 1811 17 49 161 573 169 14 912 50 868 10 56 90 89 119 76
internal_value=-0.00016728 0.0148994 -0.0233841 -0.036542 -0.0127075 0.00860075 -0.0283678 0.033639 0.0102762 0.0199203 -0.00814638 -0.0176335 0.0465768 -0.0250194 -0.0321534 0.0110116 0.0123771 0.0201723 0.00648371 -0.0201863 -0.0265291 0.0243592 0.0390226 0.0146666 0.0158727 -0.0277701 -0.00396699 -0.0192594 -0.0367994 -0.0144057
internal_weight=2792.78 1693.67 1099.11 492.346 606.766 1267.61 392.224 426.06 1226.6 206.789 132.105 110.906 219.272 327.773 254.749 1214.48 1163.56 500.947 662.609 50.9263 11.0419 441.031 94.7654 371.627 367.437 22.9489 290.982 107.598 77.3663 46.7193
internal_count=10911 4212 6699 3194 3505 3426 2276 786 3275 444 634 565 342 2269 1934 3219 3020 1122 1898 199 21 961 169 951 934 66 947 374 284 165
is_linear=0
shrinkage=0.05


end of trees

feature_importances:
shrunk_show_rate=11
popularity_outperformance=9
body_weight=8
shrunk_win_rate=4
recent_form_score=4
speed_idx_best=3
speed_idx_last=3
same_venue_count=3
speed_idx_weighted=2
effective_starts=2
weight_kg_delta=2
last3f_idx_recent=2
pace_fit=2
weight_kg=2
same_surface_count=1
body_weight_diff=1
jockey_change=1

parameters:
[boosting: gbdt]
[objective: lambdarank]
[metric: ndcg]
[tree_learner: serial]
[device_type: cpu]
[data_sample_strategy: bagging]
[data: ]
[valid: ]
[num_iterations: 500]
[learning_rate: 0.05]
[num_leaves: 31]
[num_threads: 0]
[seed: 0]
[deterministic: 0]
[force_col_wise: 0]
[force_row_wise: 0]
[histogram_pool_size: -1]
[max_depth: -1]
[min_data_in_leaf: 10]
[min_sum_hessian_in_leaf: 0.001]
[bagging_fraction: 0.8]
[pos_bagging_fraction: 1]
[neg_bagging_fraction: 1]
[bagging_freq: 5]
[bagging_seed: 3]
[bagging_by_query: 0]
[feature_fraction: 0.9]
[feature_fraction_bynode: 1]
[feature_fraction_seed: 2]
[extra_trees: 0]
[extra_seed: 6]
[early_stopping_round: 0]
[early_stopping_min_delta: 0]
[first_metric_only: 0]
[max_delta_step: 0]
[lambda_l1: 0]
[lambda_l2: 0]
[linear_lambda: 0]
[min_gain_to_split: 0]
[drop_rate: 0.1]
[max_drop: 50]
[skip_drop: 0.5]
[xgboost_dart_mode: 0]
[uniform_drop: 0]
[drop_seed: 4]
[top_rate: 0.2]
[other_rate: 0.1]
[min_data_per_group: 100]
[max_cat_threshold: 32]
[cat_l2: 10]
[cat_smooth: 10]
[max_cat_to_onehot: 4]
[top_k: 20]
[monotone_constraints: ]
[monotone_constraints_method: basic]
[monotone_penalty: 0]
[feature_contri: ]
[forcedsplits_filename: ]
[refit_decay_rate: 0.9]
[cegb_tradeoff: 1]
[cegb_penalty_split: 0]
[cegb_penalty_feature_lazy: ]
[cegb_penalty_feature_coupled: ]
[path_smooth: 0]
[interaction_constraints: ]
[verbosity: -1]
[saved_feature_importance_type: 0]
[use_quantized_grad: 0]
[num_grad_quant_bins: 4]
[quant_train_renew_leaf: 0]
[stochastic_rounding: 1]
[linear_tree: 0]
[max_bin: 255]
[max_bin_by_feature: ]
[min_data_in_bin: 3]
[bin_construct_sample_cnt: 200000]
[data_random_seed: 1]
[is_enable_sparse: 1]
[enable_bundle: 1]
[use_missing: 1]
[zero_as_missing: 0]
[feature_pre_filter: 1]
[pre_partition: 0]
[two_round: 0]
[header: 0]
[label_column: ]
[weight_column: ]
[group_column: ]
[ignore_column: ]
[categorical_feature: ]
[forcedbins_filename: ]
[precise_float_parser: 0]
[parser_config_file: ]
[objective_seed: 5]
[num_class: 1]
[is_unbalance: 0]
[scale_pos_weight: 1]
[sigmoid: 1]
[boost_from_average: 1]
[reg_sqrt: 0]
[alpha: 0.9]
[fair_c: 1]
[poisson_max_delta_step: 0.7]
[tweedie_variance_power: 1.5]
[lambdarank_truncation_level: 30]
[lambdarank_norm: 1]
[label_gain: ]
[lambdarank_position_bias_regularization: 0]
[eval_at: 1,3,5]
[multi_error_top_k: 1]
[auc_mu_weights: ]
[num_machines: 1]
[local_listen_port: 12400]
[time_out: 120]
[machine_list_filename: ]
[machines: ]
[gpu_platform_id: -1]
[gpu_device_id: -1]
[gpu_use_dp: 0]
[num_gpu: 1]

end of parameters

pandas_categorical:[]
